2 14 6 7 13 11 7 8 14 2 13 3 3 8 2 
1
0
0
2 14 6 7 13 11 7 8 14 2 13 3 3 8 2 
2
1
0
2 6 14 7 13 11 7 8 14 2 13 3 3 8 2 
2
2
1
2 6 14 7 13 11 7 8 14 2 13 3 3 8 2 
3
2
1
2 6 7 14 13 11 7 8 14 2 13 3 3 8 2 
3
3
2
2 6 7 14 13 11 7 8 14 2 13 3 3 8 2 
4
3
2
2 6 7 13 14 11 7 8 14 2 13 3 3 8 2 
4
4
3
2 6 7 13 14 11 7 8 14 2 13 3 3 8 2 
5
4
3
2 6 7 13 11 14 7 8 14 2 13 3 3 8 2 
5
5
4
2 6 7 11 13 14 7 8 14 2 13 3 3 8 2 
5
6
5
2 6 7 11 13 14 7 8 14 2 13 3 3 8 2 
6
6
5
2 6 7 11 13 7 14 8 14 2 13 3 3 8 2 
6
7
6
2 6 7 11 7 13 14 8 14 2 13 3 3 8 2 
6
8
7
2 6 7 7 11 13 14 8 14 2 13 3 3 8 2 
6
9
8
2 6 7 7 11 13 14 8 14 2 13 3 3 8 2 
7
9
8
2 6 7 7 11 13 8 14 14 2 13 3 3 8 2 
7
10
9
2 6 7 7 11 8 13 14 14 2 13 3 3 8 2 
7
11
10
2 6 7 7 8 11 13 14 14 2 13 3 3 8 2 
7
12
11
2 6 7 7 8 11 13 14 14 2 13 3 3 8 2 
8
12
11
2 6 7 7 8 11 13 14 14 2 13 3 3 8 2 
9
13
11
2 6 7 7 8 11 13 14 2 14 13 3 3 8 2 
9
14
12
2 6 7 7 8 11 13 2 14 14 13 3 3 8 2 
9
15
13
2 6 7 7 8 11 2 13 14 14 13 3 3 8 2 
9
16
14
2 6 7 7 8 2 11 13 14 14 13 3 3 8 2 
9
17
15
2 6 7 7 2 8 11 13 14 14 13 3 3 8 2 
9
18
16
2 6 7 2 7 8 11 13 14 14 13 3 3 8 2 
9
19
17
2 6 2 7 7 8 11 13 14 14 13 3 3 8 2 
9
20
18
2 2 6 7 7 8 11 13 14 14 13 3 3 8 2 
9
21
19
2 2 6 7 7 8 11 13 14 14 13 3 3 8 2 
10
21
19
2 2 6 7 7 8 11 13 14 13 14 3 3 8 2 
10
22
20
2 2 6 7 7 8 11 13 13 14 14 3 3 8 2 
10
23
21
2 2 6 7 7 8 11 13 13 14 14 3 3 8 2 
11
23
21
2 2 6 7 7 8 11 13 13 14 3 14 3 8 2 
11
24
22
2 2 6 7 7 8 11 13 13 3 14 14 3 8 2 
11
25
23
2 2 6 7 7 8 11 13 3 13 14 14 3 8 2 
11
26
24
2 2 6 7 7 8 11 3 13 13 14 14 3 8 2 
11
27
25
2 2 6 7 7 8 3 11 13 13 14 14 3 8 2 
11
28
26
2 2 6 7 7 3 8 11 13 13 14 14 3 8 2 
11
29
27
2 2 6 7 3 7 8 11 13 13 14 14 3 8 2 
11
30
28
2 2 6 3 7 7 8 11 13 13 14 14 3 8 2 
11
31
29
2 2 3 6 7 7 8 11 13 13 14 14 3 8 2 
11
32
30
2 2 3 6 7 7 8 11 13 13 14 14 3 8 2 
12
32
30
2 2 3 6 7 7 8 11 13 13 14 3 14 8 2 
12
33
31
2 2 3 6 7 7 8 11 13 13 3 14 14 8 2 
12
34
32
2 2 3 6 7 7 8 11 13 3 13 14 14 8 2 
12
35
33
2 2 3 6 7 7 8 11 3 13 13 14 14 8 2 
12
36
34
2 2 3 6 7 7 8 3 11 13 13 14 14 8 2 
12
37
35
2 2 3 6 7 7 3 8 11 13 13 14 14 8 2 
12
38
36
2 2 3 6 7 3 7 8 11 13 13 14 14 8 2 
12
39
37
2 2 3 6 3 7 7 8 11 13 13 14 14 8 2 
12
40
38
2 2 3 3 6 7 7 8 11 13 13 14 14 8 2 
12
41
39
2 2 3 3 6 7 7 8 11 13 13 14 14 8 2 
13
41
39
2 2 3 3 6 7 7 8 11 13 13 14 8 14 2 
13
42
40
2 2 3 3 6 7 7 8 11 13 13 8 14 14 2 
13
43
41
2 2 3 3 6 7 7 8 11 13 8 13 14 14 2 
13
44
42
2 2 3 3 6 7 7 8 11 8 13 13 14 14 2 
13
45
43
2 2 3 3 6 7 7 8 8 11 13 13 14 14 2 
13
46
44
2 2 3 3 6 7 7 8 8 11 13 13 14 14 2 
14
46
44
2 2 3 3 6 7 7 8 8 11 13 13 14 2 14 
14
47
45
2 2 3 3 6 7 7 8 8 11 13 13 2 14 14 
14
48
46
2 2 3 3 6 7 7 8 8 11 13 2 13 14 14 
14
49
47
2 2 3 3 6 7 7 8 8 11 2 13 13 14 14 
14
50
48
2 2 3 3 6 7 7 8 8 2 11 13 13 14 14 
14
51
49
2 2 3 3 6 7 7 8 2 8 11 13 13 14 14 
14
52
50
2 2 3 3 6 7 7 2 8 8 11 13 13 14 14 
14
53
51
2 2 3 3 6 7 2 7 8 8 11 13 13 14 14 
14
54
52
2 2 3 3 6 2 7 7 8 8 11 13 13 14 14 
14
55
53
2 2 3 3 2 6 7 7 8 8 11 13 13 14 14 
14
56
54
2 2 3 2 3 6 7 7 8 8 11 13 13 14 14 
14
57
55
2 2 2 3 3 6 7 7 8 8 11 13 13 14 14 
14
58
56
